d	s	a	m_i
2	1	0	1 
3	2	1	1 1 
4	3	1	1 3 7 
5	3	2	1 1 5 
6	4	1	1 3 1 1 
7	4	4	1 1 3 7 
8	5	2	1 3 3 9 9 
9	5	13	1 3 7 13 3 
10	5	7	1 1 5 11 27 
11	5	14	1 3 5 1 15 
12	5	11	1 1 7 3 29 
13	5	4	1 3 7 7 21 
14	6	1	1 1 1 9 23 37 
15	6	16	1 3 3 5 19 33 
16	6	13	1 1 3 13 11 7 
17	6	22	1 1 7 13 25 5 
18	6	19	1 3 5 11 7 11 
19	6	25	1 1 1 3 13 39 
20	7	1	1 3 1 15 17 63 13 
21	7	32	1 1 5 5 1 59 33 
22	7	4	1 3 3 3 25 17 115 
23	7	8	1 1 7 15 29 15 41 
24	7	7	1 3 1 7 3 23 79 
25	7	56	1 3 7 9 31 29 17 
26	7	14	1 1 5 13 11 3 29 
27	7	28	1 1 1 9 5 21 119 
28	7	19	1 1 3 1 23 13 75 
29	7	50	1 3 7 11 27 31 73 
30	7	21	1 1 7 7 19 25 105 
31	7	42	1 3 1 5 21 9 7 
32	7	31	1 1 1 15 5 49 59 
33	7	62	1 3 1 1 1 33 65 
34	7	37	1 3 5 15 17 19 21 
35	7	41	1 1 7 11 13 29 3 
36	7	55	1 3 7 5 7 11 113 
37	7	59	1 1 5 11 15 19 61 
38	8	14	1 1 1 1 9 27 89 7 
39	8	56	1 1 3 7 31 15 45 23 
40	8	21	1 3 3 9 25 25 107 39 
41	8	22	1 1 7 7 3 63 21 217 
42	8	38	1 3 5 7 5 55 71 141 
43	8	47	1 1 5 1 23 17 79 27 
44	8	49	1 1 5 15 7 63 19 53 
45	8	50	1 1 3 15 3 49 71 181 
46	8	52	1 3 3 15 17 19 61 169 
47	8	67	1 3 3 13 23 41 41 35 
48	8	70	1 1 1 3 3 59 57 15 
49	8	84	1 3 1 3 3 3 121 207 
50	8	97	1 3 5 15 21 57 87 45 
51	8	103	1 1 1 5 25 33 119 247 
52	8	115	1 1 1 9 25 49 55 185 
53	8	122	1 3 5 7 23 53 85 117 
54	9	8	1 3 3 13 11 57 121 41 235 
55	9	13	1 1 3 3 19 57 119 81 307 
56	9	16	1 3 3 7 3 39 11 223 495 
57	9	22	1 3 3 5 11 21 23 151 417 
58	9	25	1 3 1 11 31 7 61 81 57 
59	9	44	1 1 3 9 7 53 11 189 151 
60	9	47	1 3 7 1 9 9 35 61 19 
61	9	52	1 1 5 9 5 55 33 95 119 
62	9	55	1 3 7 1 17 15 43 185 375 
63	9	59	1 1 3 5 23 59 107 23 451 
64	9	62	1 1 7 7 17 19 113 73 55 
65	9	67	1 3 1 13 17 49 101 113 449 
66	9	74	1 3 3 9 25 31 29 239 501 
67	9	81	1 1 3 9 13 3 87 85 53 
68	9	82	1 1 5 1 11 39 119 9 185 
69	9	87	1 1 1 7 31 5 97 201 317 
70	9	91	1 1 3 3 27 5 29 83 17 
71	9	94	1 3 5 5 19 41 17 53 21 
72	9	103	1 1 5 1 17 9 89 183 487 
73	9	104	1 1 7 11 23 19 5 203 13 
74	9	109	1 3 7 11 7 9 127 91 347 
75	9	122	1 1 7 13 5 57 89 149 393 
76	9	124	1 1 1 7 11 25 119 101 15 
77	9	137	1 1 1 7 19 1 117 13 391 
78	9	138	1 3 3 9 19 15 103 111 307 
79	9	143	1 3 3 9 7 51 105 239 189 
80	9	145	1 1 1 1 13 11 41 3 381 
81	9	152	1 3 1 1 21 19 83 205 71 
82	9	157	1 3 5 3 21 61 25 253 163 
83	9	167	1 1 1 9 7 53 41 247 99 
84	9	173	1 3 5 15 9 29 55 121 467 
85	9	176	1 3 7 1 11 19 69 189 167 
86	9	181	1 3 5 5 1 11 117 169 433 
87	9	182	1 1 1 13 5 9 49 179 337 
88	9	185	1 3 7 1 21 21 127 197 257 
89	9	191	1 3 5 9 11 19 29 175 179 
90	9	194	1 3 3 9 13 43 1 217 47 
91	9	199	1 1 3 9 25 13 99 249 385 
92	9	218	1 3 1 9 9 13 53 195 23 
93	9	220	1 3 5 9 7 41 83 95 117 
94	9	227	1 1 7 13 7 25 15 63 369 
95	9	229	1 3 1 11 27 31 31 19 425 
96	9	230	1 3 7 3 15 9 73 7 207 
97	9	234	1 3 5 5 25 11 115 5 433 
98	9	236	1 1 1 11 15 19 35 75 301 
99	9	241	1 3 7 11 21 5 21 217 147 
100	9	244	1 1 3 13 17 53 89 245 333 
101	9	253	1 3 1 5 19 37 5 111 85 
102	10	4	1 1 7 3 19 7 1 189 221 519 
103	10	13	1 1 1 15 21 51 91 165 423 307 
104	10	19	1 3 7 1 5 45 53 169 49 931 
105	10	22	1 3 3 11 11 7 35 141 3 1023 
106	10	50	1 1 3 11 3 7 95 221 43 517 
107	10	55	1 3 5 7 5 61 83 249 229 771 
108	10	64	1 3 7 13 29 23 19 159 227 151 
109	10	69	1 1 3 15 31 45 85 253 201 1023 
110	10	98	1 1 3 11 29 7 55 207 383 539 
111	10	107	1 1 5 13 5 59 51 249 281 725 
112	10	115	1 3 1 9 5 41 101 219 229 45 
113	10	121	1 3 3 11 1 1 33 23 207 927 
114	10	127	1 1 3 15 31 29 41 49 21 707 
115	10	134	1 3 1 15 27 61 55 127 343 29 
116	10	140	1 3 3 13 11 37 45 237 251 125 
117	10	145	1 1 5 3 13 27 95 5 397 371 
118	10	152	1 3 1 15 1 47 61 25 173 275 
119	10	158	1 1 3 7 3 15 27 177 507 279 
120	10	161	1 1 3 9 7 31 37 37 421 817 
121	10	171	1 3 3 11 11 35 89 103 443 389 
122	10	181	1 3 7 13 7 31 75 65 399 453 
123	10	194	1 3 1 11 3 17 57 167 53 989 
124	10	199	1 1 1 9 23 51 61 81 345 1015 
125	10	203	1 1 7 9 13 13 15 87 77 29 
126	10	208	1 1 3 5 31 25 117 119 385 169 
127	10	227	1 3 1 13 17 45 15 45 317 743 
128	10	242	1 1 3 9 1 5 21 79 155 99 
129	10	251	1 1 7 1 27 5 27 143 187 923 
130	10	253	1 3 5 13 11 33 25 57 269 981 
131	10	265	1 1 5 7 25 39 27 79 501 181 
132	10	266	1 1 7 7 1 5 123 187 19 693 
133	10	274	1 3 5 7 23 47 39 143 169 309 
134	10	283	1 3 5 7 29 29 109 183 235 227 
135	10	289	1 1 3 7 17 35 93 75 415 111 
136	10	295	1 3 1 5 25 47 51 97 61 219 
137	10	301	1 1 3 9 7 63 21 211 247 897 
138	10	316	1 3 3 7 25 45 91 149 183 377 
139	10	319	1 3 3 13 27 37 109 175 5 425 
140	10	324	1 3 1 11 17 47 107 37 257 609 
141	10	346	1 3 3 9 13 59 45 135 401 227 
142	10	352	1 1 3 11 17 21 15 189 451 19 
143	10	361	1 1 7 15 23 59 93 225 95 221 
144	10	367	1 1 3 3 5 33 127 241 455 143 
145	10	382	1 3 3 13 17 51 3 63 49 581 
146	10	395	1 3 1 11 5 9 53 33 489 147 
147	10	398	1 1 7 1 13 27 81 43 75 919 
148	10	400	1 1 5 11 11 13 79 13 459 127 
149	10	412	1 3 1 3 21 25 107 73 377 725 
150	10	419	1 1 7 3 5 43 79 213 87 793 
151	10	422	1 1 7 9 11 3 87 57 463 289 
152	10	426	1 1 5 11 5 17 35 239 155 411 
153	10	428	1 1 7 1 9 21 109 183 233 835 
154	10	433	1 1 5 7 31 59 73 117 115 921 
155	10	446	1 1 1 1 19 61 35 21 429 957 
156	10	454	1 3 3 15 17 27 83 29 211 443 
157	10	457	1 1 1 15 9 47 107 115 419 349 
158	10	472	1 3 7 3 9 57 1 43 143 813 
159	10	493	1 1 3 1 27 11 51 205 487 5 
160	10	505	1 1 7 9 21 17 7 223 195 105 
161	10	508	1 1 3 1 15 39 59 15 209 457 
162	11	2	1 3 5 7 15 1 33 3 461 393 7 
163	11	11	1 1 7 13 1 63 115 159 193 539 2011 
164	11	21	1 3 3 11 1 21 43 51 157 101 1001 
165	11	22	1 1 1 3 29 59 111 101 193 197 49 
166	11	35	1 3 3 13 5 17 45 127 363 697 825 
167	11	49	1 3 3 11 31 13 121 99 181 27 415 
168	11	50	1 3 3 7 11 31 105 239 271 343 1441 
169	11	56	1 1 1 3 17 3 125 171 445 515 383 
170	11	61	1 1 5 3 23 31 87 113 381 69 1581 
171	11	70	1 3 7 5 19 7 101 171 231 485 623 
172	11	74	1 3 3 13 21 9 41 119 135 383 1621 
173	11	79	1 1 3 11 25 27 95 189 327 855 1319 
174	11	84	1 3 7 5 15 37 75 245 403 693 1387 
175	11	88	1 1 7 11 11 23 1 201 171 133 619 
176	11	103	1 3 7 1 5 31 57 27 197 87 839 
177	11	104	1 1 5 3 5 9 117 185 181 743 217 
178	11	112	1 1 3 9 1 45 21 229 343 747 75 
179	11	115	1 3 1 7 19 43 27 105 113 475 1955 
180	11	117	1 1 7 15 19 31 67 153 313 87 505 
181	11	122	1 3 1 7 19 63 29 189 393 469 281 
182	11	134	1 1 3 5 7 21 53 33 311 763 1629 
183	11	137	1 3 7 13 13 39 117 35 415 721 1379 
184	11	146	1 1 5 7 21 51 63 137 267 345 53 
185	11	148	1 3 3 9 17 27 1 77 247 479 1111 
186	11	157	1 1 3 13 17 7 77 97 425 965 1399 
187	11	158	1 1 3 15 25 53 89 17 233 527 301 
188	11	162	1 1 7 13 23 11 115 181 289 121 209 
189	11	164	1 3 1 9 19 1 49 55 55 271 49 
190	11	168	1 3 1 7 23 59 127 197 39 353 155 
191	11	173	1 1 3 15 15 39 15 201 247 467 1647 
192	11	185	1 3 1 7 13 23 79 155 327 177 631 
193	11	186	1 3 5 9 5 49 81 37 141 245 129 
194	11	191	1 1 7 5 19 23 29 197 5 627 1569 
195	11	193	1 3 1 11 25 7 65 137 189 113 335 
196	11	199	1 1 3 11 9 55 103 223 183 357 67 
197	11	213	1 1 5 13 7 59 33 25 27 7 1955 
198	11	214	1 1 3 13 3 3 73 179 337 691 1611 
199	11	220	1 3 5 9 21 19 79 91 341 725 2021 
200	11	227	1 1 3 3 17 35 29 23 327 355 1305 
201	11	236	1 3 3 5 25 13 21 235 87 889 121 
202	11	242	1 1 7 13 1 9 113 53 429 635 37 
203	11	251	1 1 5 9 27 13 31 253 357 737 877 
204	11	256	1 3 5 11 25 15 33 49 265 429 835 
205	11	259	1 1 3 15 27 23 107 181 251 545 1457 
206	11	265	1 1 3 11 25 9 95 249 437 925 669 
207	11	266	1 3 1 7 9 7 111 53 201 357 1405 
208	11	276	1 3 3 1 13 43 59 173 29 873 935 
209	11	292	1 1 7 7 3 55 99 97 339 187 1735 
210	11	304	1 1 7 13 17 3 117 247 257 351 665 
211	11	310	1 3 7 3 25 19 63 67 377 677 551 
212	11	316	1 3 1 13 23 9 63 115 17 999 789 
213	11	319	1 3 5 3 9 27 99 103 53 921 1543 
214	11	322	1 1 7 13 25 33 39 159 327 477 1267 
215	11	328	1 3 1 9 9 27 9 239 47 233 1027 
216	11	334	1 3 3 15 13 49 35 69 375 765 1 
217	11	339	1 3 1 7 17 23 63 173 393 495 1911 
218	11	341	1 1 1 13 17 47 125 217 369 81 163 
219	11	345	1 3 7 13 3 19 99 95 403 953 1929 
220	11	346	1 1 1 3 15 7 45 221 125 479 67 
221	11	362	1 3 3 13 7 11 93 247 429 89 1975 
222	11	367	1 1 1 15 7 55 33 97 257 173 1681 
223	11	372	1 1 7 15 29 27 93 91 157 473 1413 
224	11	375	1 1 1 11 3 35 9 123 217 131 191 
225	11	376	1 3 5 9 19 5 105 223 85 961 1711 
226	11	381	1 1 3 13 29 5 75 213 267 411 1307 
227	11	385	1 1 5 9 29 55 51 129 117 291 401 
228	11	388	1 1 3 15 19 35 115 181 337 967 725 
229	11	392	1 3 1 1 29 37 11 87 447 65 1229 
230	11	409	1 1 1 1 13 9 37 239 219 511 1403 
231	11	415	1 1 5 15 15 33 17 85 501 13 1609 
232	11	416	1 1 5 11 25 29 41 89 41 805 2035 
233	11	421	1 1 3 11 27 47 21 249 41 945 917 
234	11	428	1 1 3 7 1 25 43 141 193 369 921 
235	11	431	1 3 5 1 3 11 73 39 509 827 1789 
236	11	434	1 3 7 11 9 47 19 57 131 295 41 
237	11	439	1 3 1 13 9 53 93 249 207 163 2003 
238	11	446	1 1 5 9 13 61 7 71 505 835 187 
239	11	451	1 1 3 13 31 59 95 101 421 259 67 
240	11	453	1 1 7 3 29 3 81 159 149 207 1635 
241	11	457	1 1 7 5 31 53 93 33 111 331 717 
242	11	458	1 3 3 11 5 47 79 137 177 29 1449 
243	11	471	1 3 5 13 15 5 81 189 167 315 277 
244	11	475	1 3 3 9 29 19 55 71 223 999 1903 
245	11	478	1 1 3 9 1 59 9 253 291 133 1179 
246	11	484	1 3 1 13 19 5 51 205 91 967 363 
247	11	493	1 3 7 1 5 47 63 171 29 41 1211 
248	11	494	1 1 3 11 9 23 45 13 305 117 1231 
249	11	499	1 1 1 15 19 45 89 249 151 677 647 
250	11	502	1 1 3 13 5 53 73 109 177 471 1261 
251	11	517	1 1 5 3 15 3 19 131 337 717 1029 
252	11	518	1 3 7 13 3 49 115 199 183 881 1485 
253	11	524	1 1 1 7 5 61 39 189 361 755 1309 
254	11	527	1 1 3 15 7 47 47 179 435 351 1149 
255	11	555	1 3 7 1 15 39 81 31 307 723 317 
256	11	560	1 1 1 15 17 29 39 99 507 259 1335 
257	11	565	1 3 5 3 17 17 5 113 77 879 171 
258	11	569	1 3 1 3 23 57 5 41 181 455 243 
259	11	578	1 1 3 11 11 5 45 173 507 721 271 
260	11	580	1 1 1 7 9 17 53 23 315 289 1055 
261	11	587	1 3 5 13 23 31 65 189 145 149 1601 
262	11	589	1 3 3 7 19 23 49 197 423 199 1129 
263	11	590	1 1 1 7 3 41 17 3 71 805 1653 
264	11	601	1 1 7 9 17 39 105 135 103 987 205 
265	11	607	1 1 1 7 1 5 13 9 493 851 1463 
266	11	611	1 1 5 5 27 27 107 95 271 423 1681 
267	11	614	1 3 5 15 9 7 5 195 469 597 1621 
268	11	617	1 1 5 9 9 29 5 27 339 129 197 
269	11	618	1 3 3 5 17 29 19 183 237 11 951 
270	11	625	1 3 7 5 13 33 73 1 437 733 573 
271	11	628	1 1 1 7 25 31 59 123 483 549 1697 
272	11	635	1 3 1 15 29 41 43 73 31 153 1265 
273	11	641	1 3 7 13 23 31 83 53 219 285 1321 
274	11	647	1 1 3 15 29 29 97 99 61 451 1805 
275	11	654	1 1 1 5 11 17 115 197 131 559 1235 
276	11	659	1 1 1 15 31 29 27 59 391 377 1853 
277	11	662	1 3 7 5 25 29 1 27 233 109 1307 
278	11	672	1 3 5 3 21 9 69 101 219 357 945 
279	11	675	1 3 7 1 29 9 103 55 69 143 1197 
280	11	682	1 1 5 11 19 31 3 193 57 693 1411 
281	11	684	1 3 7 7 27 27 99 31 459 615 833 
282	11	689	1 3 7 1 31 53 103 61 225 677 273 
283	11	695	1 1 3 5 3 35 63 119 421 701 1517 
284	11	696	1 3 7 7 5 5 67 11 7 475 1747 
285	11	713	1 3 1 9 3 61 25 7 461 767 1095 
286	11	719	1 1 3 3 3 1 121 255 111 85 1345 
287	11	724	1 3 7 11 13 49 97 233 451 229 869 
288	11	733	1 1 7 1 21 13 77 53 277 509 57 
289	11	734	1 3 3 15 9 57 13 157 185 547 1383 
290	11	740	1 3 5 1 29 29 83 193 193 151 221 
291	11	747	1 3 1 3 3 5 103 97 125 389 1713 
292	11	749	1 1 1 15 17 21 41 83 251 711 335 
293	11	752	1 3 7 11 11 43 11 65 199 785 1751 
294	11	755	1 1 1 13 11 25 27 81 73 657 1141 
295	11	762	1 1 5 5 9 57 81 239 71 319 839 
296	11	770	1 3 5 13 21 49 37 167 7 509 523 
297	11	782	1 1 5 1 19 37 33 69 409 99 1861 
298	11	784	1 3 1 7 7 27 125 71 417 1007 1105 
299	11	787	1 1 5 1 17 11 71 109 149 775 389 
300	11	789	1 1 1 15 31 61 41 97 193 359 1177 
301	11	793	1 1 7 7 25 37 41 137 53 697 1877 
302	11	796	1 3 5 5 1 49 59 71 437 677 805 
303	11	803	1 3 5 1 27 5 41 193 29 85 93 
304	11	805	1 3 7 1 5 63 87 189 467 497 1591 
305	11	810	1 1 1 15 15 63 123 115 229 105 423 
306	11	815	1 1 1 13 27 3 43 79 31 615 1835 
307	11	824	1 3 7 11 29 45 101 205 35 891 99 
308	11	829	1 1 1 11 29 37 63 37 75 71 1781 
309	11	830	1 3 7 13 29 63 45 227 105 449 1515 
310	11	832	1 1 7 5 25 21 39 53 503 835 1909 
311	11	841	1 1 1 11 27 21 21 33 75 609 1011 
312	11	847	1 1 1 7 25 19 97 91 317 377 303 
313	11	849	1 1 3 9 3 27 15 229 401 693 385 
314	11	861	1 1 3 7 21 59 97 245 367 665 1635 
315	11	871	1 1 3 1 17 21 111 105 131 627 357 
316	11	878	1 3 7 5 25 45 21 77 365 215 973 
317	11	889	1 1 7 3 13 23 49 229 441 911 1781 
318	11	892	1 1 5 9 15 13 13 161 433 503 1707 
319	11	901	1 3 3 5 17 15 17 103 93 729 1363 
320	11	908	1 1 7 5 13 3 79 93 377 131 1053 
321	11	920	1 3 3 11 23 43 91 13 405 19 649 
322	11	923	1 3 1 5 9 63 65 161 465 895 1469 
323	11	942	1 1 3 1 3 39 105 229 259 199 623 
324	11	949	1 1 7 7 11 19 75 223 283 161 1429 
325	11	950	1 1 5 1 7 63 1 69 443 239 1241 
326	11	954	1 1 3 11 9 31 45 15 143 633 1151 
327	11	961	1 3 3 7 9 41 67 25 445 1013 1055 
328	11	968	1 1 5 9 7 41 83 23 3 537 503 
329	11	971	1 3 7 13 17 15 107 233 461 255 921 
330	11	973	1 1 1 15 7 43 125 93 329 23 3 
331	11	979	1 3 1 13 1 63 87 25 309 149 349 
332	11	982	1 1 5 3 27 53 15 217 77 679 1149 
333	11	986	1 1 5 1 1 1 81 247 323 1021 293 
334	11	998	1 1 7 11 9 63 95 61 155 595 45 
335	11	1001	1 1 7 13 5 31 105 75 347 199 303 
336	11	1010	1 3 1 15 31 7 65 27 45 557 877 
337	11	1012	1 3 1 1 21 17 45 9 381 659 1565 
338	12	41	1 1 1 1 25 11 59 223 315 251 1583 3915 
339	12	52	1 1 1 11 25 61 103 213 463 829 1001 97 
340	12	61	1 1 5 9 21 31 23 55 207 727 663 3047 
341	12	62	1 1 5 13 11 51 103 197 321 439 1535 937 
342	12	76	1 1 5 3 1 37 99 145 157 495 395 2897 
343	12	104	1 3 7 13 23 29 67 89 109 647 1141 953 
344	12	117	1 3 5 11 19 59 99 199 479 223 1481 127 
345	12	131	1 3 7 15 27 25 47 41 313 949 1797 1201 
346	12	143	1 1 1 13 15 63 117 201 345 625 643 3819 
347	12	145	1 1 1 9 3 59 71 5 167 87 1507 193 
348	12	157	1 3 3 9 5 47 89 149 439 481 465 2053 
349	12	167	1 3 5 9 23 15 35 35 307 85 2027 3061 
350	12	171	1 3 1 5 9 27 53 119 235 799 1695 3759 
351	12	176	1 3 3 5 25 19 73 183 473 917 367 1553 
352	12	181	1 3 3 5 7 29 9 53 79 769 937 2007 
353	12	194	1 1 7 5 29 45 115 11 101 949 719 2493 
354	12	217	1 3 3 1 11 35 49 13 245 739 545 603 
355	12	236	1 3 7 15 9 55 37 3 19 115 1991 3343 
356	12	239	1 1 5 5 13 39 1 179 381 499 83 3751 
357	12	262	1 3 3 9 5 19 35 229 251 945 819 1059 
358	12	283	1 3 5 11 11 43 9 43 35 547 239 783 
359	12	286	1 3 3 7 1 21 45 55 25 225 1791 1789 
360	12	307	1 3 1 15 3 19 81 187 107 1015 1461 1589 
361	12	313	1 1 7 5 31 13 19 233 187 469 1647 283 
362	12	319	1 1 1 3 27 17 127 47 115 737 1501 1093 
363	12	348	1 1 7 13 3 51 17 133 113 495 1161 3919 
364	12	352	1 1 7 5 17 37 17 91 321 353 1629 2747 
365	12	357	1 1 1 3 27 5 105 47 115 103 139 277 
366	12	391	1 1 1 11 11 33 89 71 445 17 1595 2605 
367	12	398	1 3 7 5 13 35 49 93 61 665 1921 2169 
368	12	400	1 1 7 1 15 49 101 105 77 639 1267 2905 
369	12	412	1 1 7 11 29 25 7 145 293 525 1415 721 
370	12	415	1 3 5 13 15 45 37 45 405 75 509 4069 
371	12	422	1 1 5 9 1 1 33 255 13 447 347 233 
372	12	440	1 1 1 11 15 63 11 221 53 185 777 261 
373	12	460	1 1 1 3 23 47 95 115 17 43 1083 1137 
374	12	465	1 3 7 7 25 9 95 175 171 729 363 3993 
375	12	468	1 1 5 13 13 63 17 19 299 577 269 3619 
376	12	515	1 1 5 15 21 15 111 129 41 863 1015 2881 
377	12	536	1 1 7 1 15 25 105 5 79 735 1809 1275 
378	12	539	1 3 5 7 3 25 41 209 3 317 1105 3865 
379	12	551	1 3 1 11 29 15 115 197 485 99 1429 1299 
380	12	558	1 3 1 1 29 41 5 57 331 17 1471 3757 
381	12	563	1 1 5 13 5 13 69 177 13 477 2019 1193 
382	12	570	1 3 5 1 25 3 101 115 257 893 381 733 
383	12	595	1 1 5 15 17 19 27 187 59 537 2025 993 
384	12	598	1 1 5 1 11 51 27 119 201 519 1223 1153 
385	12	617	1 3 5 9 7 49 101 77 497 1017 827 2945 
386	12	647	1 3 5 7 15 37 103 211 81 375 1733 3163 
387	12	654	1 3 1 3 5 25 53 111 451 297 887 3179 
388	12	678	1 1 3 9 21 49 9 33 199 325 1321 437 
389	12	713	1 3 1 11 7 13 21 113 171 999 803 271 
390	12	738	1 3 5 1 31 53 43 23 81 353 1951 3493 
391	12	747	1 1 7 9 13 47 79 87 253 343 1297 3971 
392	12	750	1 3 3 13 11 23 91 137 365 729 1995 1005 
393	12	757	1 1 3 13 23 35 65 41 75 135 833 2615 
394	12	772	1 3 5 3 5 29 117 7 451 489 1107 2253 
395	12	803	1 3 7 11 7 33 87 83 149 859 1135 1131 
396	12	810	1 1 3 7 23 21 125 43 483 267 1181 585 
397	12	812	1 3 7 9 27 35 55 121 81 141 1251 2775 
398	12	850	1 3 1 1 21 23 45 145 453 831 983 2171 
399	12	862	1 3 7 7 29 3 63 5 469 141 1389 2383 
400	12	906	1 1 7 15 15 43 85 219 485 893 1565 2937 
401	12	908	1 1 1 9 7 31 83 27 305 249 273 2447 
402	12	929	1 3 3 1 27 63 97 11 163 807 137 1745 
403	12	930	1 3 5 5 27 9 45 111 401 53 71 663 
404	12	954	1 1 1 13 19 1 83 207 15 613 735 1515 
405	12	964	1 3 5 5 7 61 87 55 91 131 1005 3767 
406	12	982	1 1 5 11 15 43 113 97 3 547 933 2709 
407	12	985	1 3 3 3 27 3 93 63 129 977 67 1767 
408	12	991	1 1 7 9 27 11 95 229 35 131 1471 3185 
409	12	992	1 1 3 15 19 55 5 53 239 999 551 3017 
410	12	1067	1 1 7 11 19 11 17 33 355 175 457 2815 
411	12	1070	1 3 7 13 9 35 77 149 211 31 1667 1829 
412	12	1096	1 3 5 5 15 1 77 23 387 341 1729 87 
413	12	1099	1 3 7 1 1 63 127 187 101 739 919 3341 
414	12	1116	1 3 5 7 3 35 123 153 299 467 285 793 
415	12	1143	1 1 7 7 29 49 45 91 67 675 1629 2627 
416	12	1165	1 3 1 5 29 19 81 193 375 241 1815 2169 
417	12	1178	1 1 1 13 5 45 85 183 405 645 653 1875 
418	12	1184	1 1 5 7 27 9 121 59 357 247 1919 3745 
419	12	1202	1 3 3 7 31 57 119 211 267 391 1039 367 
420	12	1213	1 1 5 9 9 51 27 93 363 583 531 3783 
421	12	1221	1 3 1 5 1 1 85 139 79 183 393 783 
422	12	1240	1 1 5 11 7 47 41 59 83 973 1411 827 
423	12	1246	1 1 3 11 3 41 49 179 437 433 359 3253 
424	12	1252	1 1 7 1 19 9 15 163 457 367 221 2639 
425	12	1255	1 3 1 1 19 11 107 209 39 131 699 2955 
426	12	1267	1 1 5 15 29 37 21 77 97 467 1485 3539 
427	12	1293	1 3 7 3 9 19 51 39 473 571 471 1579 
428	12	1301	1 1 7 13 3 55 119 111 289 309 1357 2109 
429	12	1305	1 3 3 9 21 23 11 79 179 385 1715 379 
430	12	1332	1 1 5 13 31 55 87 229 57 977 595 2939 
431	12	1349	1 3 1 9 29 55 101 85 23 111 1677 3019 
432	12	1384	1 3 3 9 25 13 115 237 49 917 153 1999 
433	12	1392	1 3 5 11 1 7 63 199 79 935 1903 2253 
434	12	1402	1 3 1 5 3 47 63 137 71 473 1281 2911 
435	12	1413	1 3 5 5 9 37 37 147 341 345 215 3733 
436	12	1417	1 3 3 13 27 11 121 25 287 411 781 481 
437	12	1423	1 3 3 15 5 43 109 73 95 313 543 1767 
438	12	1451	1 3 3 3 27 17 7 121 229 97 293 1055 
439	12	1480	1 1 7 9 25 3 43 129 271 149 1807 4019 
440	12	1491	1 3 3 15 21 25 69 83 475 959 965 4085 
441	12	1503	1 3 5 3 11 19 19 87 49 841 1695 105 
442	12	1504	1 3 1 11 29 55 77 93 241 839 443 1829 
443	12	1513	1 3 3 11 31 59 49 205 261 669 1985 2097 
444	12	1538	1 3 7 15 27 37 71 167 495 431 321 2379 
445	12	1544	1 1 7 15 21 33 59 53 353 51 879 1567 
446	12	1547	1 3 3 3 29 43 35 107 381 41 1227 2713 
447	12	1555	1 1 7 11 17 1 7 229 13 301 1915 737 
448	12	1574	1 3 5 15 9 5 13 213 291 247 839 3423 
449	12	1603	1 3 3 15 17 21 55 95 37 1015 1945 3941 
450	12	1615	1 3 3 3 13 5 101 219 251 377 1993 2659 
451	12	1618	1 1 1 1 11 63 127 109 105 329 1165 3961 
452	12	1629	1 3 7 3 25 49 103 175 399 945 51 1755 
453	12	1634	1 1 5 1 15 61 85 13 81 269 557 3613 
454	12	1636	1 3 1 3 21 21 109 209 89 67 723 1937 
455	12	1639	1 1 1 3 11 51 29 97 265 979 1491 1559 
456	12	1657	1 3 3 1 19 15 61 61 507 581 817 2287 
457	12	1667	1 3 7 3 31 19 67 147 205 643 1237 2743 
458	12	1681	1 1 1 13 3 43 21 19 145 823 947 67 
459	12	1697	1 3 7 1 19 47 111 13 331 557 1215 2859 
460	12	1704	1 3 1 11 5 17 67 123 129 91 1911 325 
461	12	1709	1 3 7 5 3 9 23 73 119 405 1225 2601 
462	12	1722	1 3 3 15 3 53 57 35 503 117 1965 1149 
463	12	1730	1 3 7 7 9 45 75 141 249 801 1889 3259 
464	12	1732	1 3 3 15 13 11 71 81 1 509 1503 2403 
465	12	1802	1 3 5 9 13 51 101 19 289 347 1177 3947 
466	12	1804	1 3 7 1 3 25 123 171 463 893 73 2011 
467	12	1815	1 3 3 7 29 11 41 255 163 303 1767 175 
468	12	1826	1 1 5 1 7 25 107 111 443 227 303 3389 
469	12	1832	1 1 3 9 5 47 101 107 63 783 177 3915 
470	12	1843	1 1 1 11 9 47 107 233 123 555 1897 1315 
471	12	1849	1 1 1 15 23 1 125 113 361 867 1401 2447 
472	12	1863	1 1 1 1 13 43 27 133 261 99 321 141 
473	12	1905	1 1 5 13 21 29 47 89 49 703 921 359 
474	12	1928	1 3 7 9 23 17 119 9 429 111 217 3609 
475	12	1933	1 3 7 13 21 31 41 231 137 797 1779 3933 
476	12	1939	1 1 3 11 31 15 19 95 355 873 327 729 
477	12	1976	1 1 3 7 11 59 127 69 175 541 1889 2051 
478	12	1996	1 3 1 3 7 27 33 33 507 919 333 1755 
479	12	2013	1 3 1 7 7 63 31 1 59 513 615 2149 
480	12	2014	1 1 1 3 3 11 109 253 277 343 1665 2107 
481	12	2020	1 1 5 13 23 41 7 219 391 319 1825 1741 
482	13	13	1 1 5 7 1 51 91 253 25 517 1639 1051 2319 
483	13	19	1 3 7 9 23 29 91 247 185 135 237 3681 653 
484	13	26	1 3 3 7 5 7 39 129 381 871 1205 471 1379 
485	13	41	1 1 1 7 9 27 125 11 197 917 361 1055 1675 
486	13	50	1 1 1 3 17 63 105 251 39 285 129 845 1951 
487	13	55	1 3 3 3 21 31 47 221 5 663 1655 257 7075 
488	13	69	1 3 3 9 1 43 125 153 429 301 983 1559 2087 
489	13	70	1 3 7 9 17 3 123 35 119 15 1089 1061 7147 
490	13	79	1 3 3 7 29 29 91 103 247 763 1171 2803 1427 
491	13	82	1 1 3 5 7 39 9 239 177 89 401 2219 893 
492	13	87	1 1 5 11 5 3 103 7 329 323 677 1315 171 
493	13	93	1 3 1 13 17 59 45 27 465 757 643 1369 2019 
494	13	94	1 1 3 13 13 59 23 235 421 317 749 3211 7235 
495	13	97	1 3 7 7 25 1 117 181 271 807 303 4027 5697 
496	13	100	1 3 3 7 17 53 9 5 467 309 1407 105 3615 
497	13	112	1 1 3 15 9 63 125 207 151 1013 1873 11 1961 
498	13	121	1 3 7 9 19 23 73 53 45 345 1579 1077 7517 
499	13	134	1 3 3 5 9 63 11 149 429 499 1491 2857 6849 
500	13	138	1 1 5 5 5 47 37 155 137 279 1393 337 2893 
501	13	148	1 1 7 3 7 51 61 225 471 711 1247 3553 1883 
502	13	151	1 1 5 3 21 23 79 165 11 915 789 3503 2863 
503	13	157	1 3 7 13 19 61 21 137 17 411 763 3917 2173 
504	13	161	1 3 7 3 13 39 5 155 409 281 49 2665 4543 
505	13	179	1 3 3 9 9 47 47 201 347 193 5 3823 73 
506	13	181	1 1 3 3 7 21 117 97 199 739 1607 3403 381 
507	13	188	1 1 5 1 3 39 67 245 463 365 1891 3711 3893 
508	13	196	1 3 1 11 9 15 53 203 177 315 735 2085 6045 
509	13	203	1 3 3 1 3 3 85 47 11 375 1557 1103 1643 
510	13	206	1 3 5 3 15 9 33 39 51 809 1909 1641 7669 
511	13	223	1 3 3 11 31 57 81 35 361 469 1765 701 1027 
512	13	224	1 3 1 15 29 61 121 105 95 487 1777 4095 1549 
513	13	227	1 1 3 11 29 39 47 239 497 621 1127 2883 3983 
514	13	230	1 1 5 11 25 37 61 49 163 857 813 1435 1985 
515	13	239	1 1 1 11 13 21 51 15 351 975 695 653 6589 
516	13	241	1 3 1 9 9 51 127 253 127 537 97 2363 7497 
517	13	248	1 1 3 13 21 1 29 7 395 939 731 1597 2745 
518	13	253	1 3 7 7 9 23 65 237 511 585 1503 767 2375 
519	13	268	1 3 7 9 31 43 45 213 327 129 1751 869 7047 
520	13	274	1 1 1 15 7 27 41 55 353 625 333 1825 1117 
521	13	283	1 3 5 9 15 25 95 87 49 447 769 1117 1171 
522	13	286	1 3 1 11 5 11 57 199 105 129 865 1297 1975 
523	13	289	1 3 3 1 31 13 73 27 151 1017 693 501 5199 
524	13	301	1 3 7 3 7 21 33 175 321 133 377 505 3915 
525	13	302	1 1 3 3 15 43 117 49 331 83 1919 149 3695 
526	13	316	1 1 7 9 27 7 61 41 329 3 957 873 8113 
527	13	319	1 3 3 7 25 11 111 229 509 415 1359 2673 4303 
528	13	324	1 1 5 15 19 33 59 85 107 661 1627 551 3773 
529	13	331	1 1 1 13 9 55 123 3 109 53 1039 1499 7705 
530	13	333	1 3 7 13 9 1 65 149 303 115 1783 2793 6855 
531	13	345	1 1 1 7 25 37 47 179 467 903 1065 3277 1675 
532	13	351	1 3 1 15 25 35 105 129 287 49 1665 2143 2245 
533	13	358	1 1 3 9 23 27 23 185 161 79 1917 3663 2817 
534	13	375	1 3 5 13 1 61 29 249 45 55 1947 533 1719 
535	13	379	1 1 3 9 9 39 107 197 385 385 991 3991 569 
536	13	381	1 3 7 15 7 5 37 15 289 261 1997 575 1021 
537	13	386	1 3 1 13 11 19 81 97 363 345 841 1877 2077 
538	13	403	1 1 5 15 15 61 67 197 331 297 459 1009 5945 
539	13	405	1 1 5 9 19 61 29 139 265 199 221 3929 1833 
540	13	419	1 3 1 13 15 57 115 203 407 385 327 473 2631 
541	13	426	1 3 1 1 27 59 119 63 37 617 1595 3009 4851 
542	13	428	1 1 3 11 17 21 75 33 433 25 1881 2595 6371 
543	13	439	1 3 1 7 11 59 73 251 315 515 1269 3249 833 
544	13	440	1 3 3 11 11 61 99 217 343 275 1007 675 7987 
545	13	446	1 1 3 3 31 57 103 199 63 849 129 3593 331 
546	13	451	1 3 7 13 13 25 7 199 51 401 1413 2453 1899 
547	13	454	1 3 1 5 25 55 57 99 185 471 475 1567 8093 
548	13	458	1 1 7 1 25 27 45 249 71 377 1105 973 6719 
549	13	465	1 1 3 7 9 31 61 33 27 661 791 595 6903 
550	13	468	1 3 1 15 7 41 95 229 267 535 1983 1335 5903 
551	13	472	1 1 7 3 13 33 49 177 503 505 1359 1715 5657 
552	13	475	1 3 3 13 29 63 101 13 239 939 503 589 5007 
553	13	477	1 3 1 7 19 19 101 209 293 465 691 85 2689 
554	13	496	1 1 7 13 5 57 35 147 245 225 659 2265 6637 
555	13	502	1 1 3 13 19 35 47 97 281 929 691 3069 2675 
556	13	508	1 3 5 11 31 13 119 31 297 219 343 461 1645 
557	13	517	1 1 3 3 25 63 39 125 75 955 1375 1659 1819 
558	13	521	1 3 5 5 13 35 67 177 461 659 1919 2627 689 
559	13	527	1 1 7 3 25 17 31 137 371 441 263 1307 6709 
560	13	530	1 3 3 13 15 11 103 187 129 117 1373 1731 7717 
561	13	532	1 1 3 11 5 11 7 11 189 527 603 1501 6295 
562	13	542	1 1 3 9 9 49 61 91 189 427 1383 1699 7013 
563	13	552	1 3 5 9 29 41 127 223 339 515 297 3545 7695 
564	13	555	1 3 1 3 31 55 87 29 287 287 781 3803 3705 
565	13	560	1 1 7 11 9 5 3 169 111 191 145 2157 7069 
566	13	566	1 1 7 11 29 45 35 231 111 33 285 453 2621 
567	13	575	1 1 1 7 27 17 29 59 379 389 767 2813 3631 
568	13	577	1 3 3 9 25 35 73 31 93 197 1739 2047 6571 
569	13	589	1 3 1 13 27 5 95 163 27 825 1715 2999 6259 
570	13	590	1 1 3 11 11 31 103 41 185 63 715 3841 7261 
571	13	602	1 3 7 7 17 31 71 57 347 417 317 2361 3397 
572	13	607	1 1 7 15 5 37 75 87 337 949 1333 1079 7645 
573	13	608	1 1 1 13 17 17 51 247 247 35 85 573 1115 
574	13	611	1 3 3 7 3 45 87 25 507 571 831 69 4753 
575	13	613	1 3 7 5 23 51 57 127 161 9 1615 1363 2047 
576	13	625	1 1 3 3 15 1 97 101 231 131 81 1597 7579 
577	13	644	1 1 1 1 9 39 11 207 43 609 1667 3427 2271 
578	13	651	1 3 5 5 9 49 105 187 499 439 1467 2899 5403 
579	13	654	1 1 3 15 17 55 87 73 73 95 1457 2771 4911 
580	13	656	1 3 1 15 17 19 41 61 327 19 1453 1327 7629 
581	13	662	1 1 1 3 31 41 73 105 263 569 1825 1117 4225 
582	13	668	1 1 1 11 11 13 109 27 331 893 109 1523 1209 
583	13	681	1 1 5 1 19 5 69 91 249 451 387 3521 6955 
584	13	682	1 1 3 7 25 51 35 171 493 397 1207 2393 6951 
585	13	689	1 1 3 3 13 5 121 243 37 971 2039 2537 1829 
586	13	696	1 3 7 15 23 49 39 33 25 801 213 1979 5579 
587	13	699	1 1 1 11 15 1 111 3 115 125 1351 3179 5231 
588	13	707	1 1 5 5 25 21 1 1 3 471 1329 683 1783 
589	13	709	1 1 3 5 21 13 77 21 167 187 1173 2453 4285 
590	13	714	1 1 5 3 31 17 39 229 197 257 57 453 7425 
591	13	716	1 3 1 5 19 59 47 93 127 67 1769 1227 599 
592	13	719	1 1 3 5 3 51 53 71 357 949 951 779 5785 
593	13	727	1 3 1 1 11 11 91 61 497 621 183 671 3275 
594	13	734	1 1 3 15 25 3 3 37 103 453 23 3483 5643 
595	13	738	1 1 1 5 7 61 17 183 125 411 451 2135 2263 
596	13	743	1 3 5 1 15 1 51 65 191 621 1155 3139 657 
597	13	747	1 3 7 5 19 33 83 211 165 955 1551 3381 6769 
598	13	757	1 1 7 3 7 37 39 53 55 309 2037 3945 6261 
599	13	769	1 1 1 7 5 33 125 11 101 783 811 57 1251 
600	13	770	1 3 1 5 3 61 85 151 95 893 635 1541 3249 
601	13	776	1 1 5 11 13 25 111 165 79 597 1671 3405 4447 
602	13	790	1 3 3 3 13 27 21 47 351 377 1451 3381 4111 
603	13	799	1 1 1 13 1 59 69 5 341 753 863 2371 3991 
604	13	805	1 3 5 9 23 7 85 129 43 145 1499 2879 1215 
605	13	809	1 3 1 13 5 49 29 79 125 637 1673 1985 131 
606	13	812	1 3 1 15 25 13 55 101 135 941 363 987 4397 
607	13	820	1 1 7 5 11 63 11 147 173 593 1029 3017 3487 
608	13	827	1 3 7 3 25 3 117 169 289 317 1077 3031 7585 
609	13	829	1 3 3 5 15 33 1 181 373 555 1525 3839 5565 
610	13	835	1 3 5 9 13 3 47 19 133 375 277 1401 7199 
611	13	841	1 1 5 5 21 15 17 95 421 575 1023 3749 3573 
612	13	844	1 1 1 3 11 9 65 77 241 175 655 2977 7105 
613	13	856	1 3 7 11 23 13 63 139 281 403 665 681 7409 
614	13	859	1 3 1 1 29 35 47 197 213 571 1869 1175 1671 
615	13	862	1 3 5 13 5 39 117 219 177 555 1255 1519 949 
616	13	865	1 1 1 9 17 11 17 97 363 109 965 3355 3889 
617	13	885	1 1 1 15 27 59 115 239 151 377 277 907 5971 
618	13	890	1 1 3 3 9 59 51 183 227 931 1601 117 3333 
619	13	905	1 1 1 5 19 1 25 143 145 499 329 771 225 
620	13	916	1 3 5 11 15 57 33 9 363 649 1603 3741 3647 
621	13	925	1 1 7 9 5 11 123 13 239 653 1901 3337 5403 
622	13	935	1 3 5 1 29 5 123 209 431 329 395 1743 3409 
623	13	939	1 1 7 3 23 57 83 23 81 279 65 1227 7459 
624	13	942	1 3 7 15 19 13 51 215 397 271 1307 3335 6879 
625	13	949	1 1 1 9 1 31 113 53 241 647 2029 2755 5789 
626	13	953	1 1 5 9 27 13 95 137 67 721 21 1909 6567 
627	13	956	1 3 1 9 3 11 121 203 291 665 1321 3603 5581 
628	13	961	1 3 1 11 23 55 51 19 255 429 543 2397 4919 
629	13	968	1 1 3 7 21 45 91 151 405 957 1569 653 1927 
630	13	976	1 1 5 5 19 9 109 171 421 803 1185 87 4407 
631	13	988	1 1 1 13 27 55 43 133 399 767 1905 2025 8085 
632	13	995	1 3 5 1 11 55 55 219 75 425 1701 2617 4691 
633	13	997	1 3 5 15 17 19 35 231 399 477 413 3257 611 
634	13	1007	1 1 3 3 13 25 55 3 105 995 2041 287 3005 
635	13	1015	1 3 1 13 27 41 87 15 329 105 1697 3051 591 
636	13	1016	1 1 3 9 11 23 33 253 41 495 725 3809 753 
637	13	1027	1 3 1 13 31 45 37 225 425 575 1417 897 589 
638	13	1036	1 1 5 5 23 29 5 33 7 687 1847 2215 171 
639	13	1039	1 1 5 1 5 63 3 111 283 385 411 63 5729 
640	13	1041	1 1 3 5 9 59 45 183 375 227 211 2043 5891 
641	13	1048	1 1 3 1 21 27 21 213 475 923 915 1757 1033 
642	13	1053	1 1 3 13 31 39 105 169 427 563 1891 3671 3049 
643	13	1054	1 1 3 13 29 21 127 119 277 723 17 297 6567 
644	13	1058	1 3 1 7 11 37 35 111 209 481 1877 3131 5257 
645	13	1075	1 1 1 7 21 7 17 15 411 717 1699 1305 8003 
646	13	1082	1 3 3 1 17 61 35 201 3 111 687 293 1757 
647	13	1090	1 3 1 9 15 49 37 123 137 633 1089 3865 4489 
648	13	1109	1 1 3 5 7 35 97 121 195 113 1973 3173 4923 
649	13	1110	1 3 5 11 15 39 97 225 289 369 1809 3397 6379 
650	13	1119	1 3 5 9 7 9 21 113 509 955 851 2269 5171 
651	13	1126	1 3 7 11 9 29 77 113 121 253 1495 3673 1757 
652	13	1130	1 1 5 13 21 7 123 225 55 321 1257 717 689 
653	13	1135	1 3 5 3 27 25 17 161 147 409 63 3041 3081 
654	13	1137	1 1 7 15 25 23 89 165 275 909 1323 3341 1389 
655	13	1140	1 1 5 15 29 57 53 1 251 367 1307 3595 4113 
656	13	1149	1 3 7 13 11 5 105 139 19 33 609 3819 455 
657	13	1156	1 3 1 15 3 19 75 55 129 967 881 2871 2761 
658	13	1159	1 1 3 7 21 15 25 3 285 453 1543 3973 847 
659	13	1160	1 1 7 5 13 33 125 93 415 863 177 1129 7575 
660	13	1165	1 3 7 7 23 49 13 217 487 449 617 513 5829 
661	13	1173	1 3 3 9 19 37 47 193 491 539 1505 871 633 
662	13	1178	1 1 5 7 27 25 21 97 193 781 1747 1485 6629 
663	13	1183	1 1 5 9 17 17 125 29 219 911 1537 3977 1103 
664	13	1184	1 1 7 9 29 45 23 69 403 113 925 2473 7635 
665	13	1189	1 3 5 9 25 29 55 231 23 7 183 1171 803 
666	13	1194	1 1 5 11 17 15 63 161 97 219 77 1143 6175 
667	13	1211	1 3 3 9 9 25 61 93 65 725 1723 3063 6587 
668	13	1214	1 3 3 3 1 3 5 69 285 1015 1877 3547 2711 
669	13	1216	1 1 3 11 19 3 17 143 75 971 1703 2183 3879 
670	13	1225	1 1 1 15 23 49 93 137 21 1021 397 3993 67 
671	13	1231	1 3 7 13 5 11 57 9 373 525 459 133 1179 
672	13	1239	1 1 1 13 23 39 121 87 261 785 521 2529 4761 
673	13	1243	1 1 5 5 1 15 69 183 339 873 257 2699 7281 
674	13	1246	1 3 5 9 17 19 73 113 239 191 1177 233 1557 
675	13	1249	1 1 5 15 17 57 93 183 495 893 389 2355 3379 
676	13	1259	1 3 3 1 13 39 121 73 415 297 1947 231 2459 
677	13	1273	1 1 3 1 27 15 105 215 333 507 1553 3241 4273 
678	13	1274	1 1 5 9 23 11 75 137 107 215 1583 611 4127 
679	13	1281	1 1 1 5 7 3 91 89 435 21 1831 1309 7147 
680	13	1287	1 3 3 13 7 57 67 251 297 153 261 3829 35 
681	13	1294	1 3 1 3 11 31 95 163 213 645 485 1839 3549 
682	13	1296	1 3 3 13 13 55 75 41 149 913 289 1495 395 
683	13	1305	1 3 3 15 17 61 9 227 463 755 1281 301 3735 
684	13	1306	1 1 3 3 13 19 69 145 199 371 1543 1169 5787 
685	13	1318	1 1 7 1 11 5 97 57 323 881 1591 1613 4179 
686	13	1332	1 3 1 3 21 41 99 81 45 113 1123 2673 5889 
687	13	1335	1 3 7 11 13 35 93 57 19 903 573 243 5057 
688	13	1336	1 1 7 13 23 59 11 11 301 225 821 3601 7473 
689	13	1341	1 1 3 1 1 61 53 135 121 49 1065 3669 4713 
690	13	1342	1 1 7 15 27 39 19 145 499 587 1933 2813 2133 
691	13	1362	1 1 1 9 13 41 73 161 187 201 1373 2671 2897 
692	13	1364	1 3 1 9 9 53 5 175 229 927 2005 2679 1841 
693	13	1368	1 1 5 3 7 53 33 159 63 429 905 3463 2125 
694	13	1378	1 1 7 1 1 63 79 25 425 599 207 2477 1029 
695	13	1387	1 3 1 9 27 31 107 55 99 513 173 1795 1695 
696	13	1389	1 3 7 1 29 9 65 167 281 97 1573 617 6523 
697	13	1397	1 3 1 9 5 59 69 157 35 319 1597 2317 1143 
698	13	1401	1 1 7 1 13 13 79 211 125 331 573 1855 5105 
699	13	1408	1 1 7 13 25 35 125 97 349 833 1883 1057 7133 
700	13	1418	1 3 1 11 21 55 25 247 87 325 1795 1703 3351 
701	13	1425	1 3 3 15 3 41 93 249 101 887 1499 1761 2775 
702	13	1426	1 1 7 7 31 49 55 23 59 139 1743 2515 3971 
703	13	1431	1 3 5 11 15 5 61 129 195 927 553 801 4503 
704	13	1435	1 3 1 15 13 41 17 159 511 399 335 1205 7589 
705	13	1441	1 1 3 13 3 25 117 71 355 163 333 1311 5155 
706	13	1444	1 1 5 15 19 27 69 197 73 307 1645 473 4305 
707	13	1462	1 3 5 1 13 43 97 127 263 803 791 3963 1641 
708	13	1471	1 3 5 9 1 5 87 141 243 169 871 697 4717 
709	13	1474	1 3 1 9 27 5 111 219 101 1019 1157 1221 2427 
710	13	1483	1 3 1 7 15 43 37 5 165 869 969 251 5617 
711	13	1485	1 3 7 3 17 5 93 233 141 537 557 381 1267 
712	13	1494	1 3 1 5 1 5 59 131 11 907 141 3887 399 
713	13	1497	1 3 7 11 3 17 79 217 389 479 223 1761 5831 
714	13	1516	1 1 1 7 13 5 95 101 219 335 1129 3093 4305 
715	13	1522	1 3 7 3 13 15 53 131 187 697 1685 3721 4241 
716	13	1534	1 3 7 9 13 27 115 33 449 479 423 2079 3395 
717	13	1543	1 1 3 5 31 29 53 157 447 353 1069 4085 3045 
718	13	1552	1 3 1 15 29 17 85 173 393 769 391 379 4899 
719	13	1557	1 1 1 7 27 9 85 69 477 787 99 3601 1713 
720	13	1558	1 3 5 5 7 3 65 207 305 1023 95 3845 171 
721	13	1567	1 1 1 3 7 55 59 239 221 855 1847 433 411 
722	13	1568	1 1 5 13 21 31 23 81 51 493 531 1781 7099 
723	13	1574	1 3 1 7 29 1 75 205 355 883 1859 29 5473 
724	13	1592	1 3 5 1 15 45 21 11 209 521 1833 1897 5209 
725	13	1605	1 1 3 1 17 45 67 41 499 735 1833 1599 1195 
726	13	1606	1 1 5 9 17 13 27 169 479 297 341 2163 1077 
727	13	1610	1 1 5 15 21 57 99 65 265 1011 237 75 1309 
728	13	1617	1 3 5 15 19 17 79 193 377 991 1997 3475 2953 
729	13	1623	1 1 5 15 17 3 27 77 145 879 1799 3957 7343 
730	13	1630	1 3 5 11 3 61 3 201 411 855 409 1641 4887 
731	13	1634	1 3 3 3 15 15 95 173 173 591 431 3911 3229 
732	13	1640	1 1 3 5 5 49 27 1 11 415 1917 2959 6759 
733	13	1643	1 3 7 15 27 15 69 221 433 917 363 2833 6721 
734	13	1648	1 3 3 13 27 47 19 157 483 375 335 1279 6775 
735	13	1651	1 1 3 7 3 9 75 1 135 453 1039 1099 675 
736	13	1653	1 3 5 15 31 37 47 15 385 553 1085 403 4039 
737	13	1670	1 1 5 15 31 45 59 113 341 189 1657 799 2493 
738	13	1676	1 1 3 11 7 9 41 147 89 841 1975 2183 7511 
739	13	1684	1 3 7 11 21 51 85 137 209 339 1527 2699 3269 
740	13	1687	1 3 1 9 3 61 77 205 391 211 1111 1711 4199 
741	13	1691	1 3 5 5 13 21 99 225 33 601 659 2037 6625 
742	13	1693	1 1 7 15 11 33 55 73 395 57 389 727 7943 
743	13	1698	1 1 5 9 17 11 49 45 319 765 899 289 2013 
744	13	1709	1 1 1 7 27 21 93 49 451 745 595 1785 4145 
745	13	1715	1 3 5 3 25 63 93 149 119 621 1439 1575 667 
746	13	1722	1 1 5 13 1 63 119 113 341 209 1861 3633 513 
747	13	1732	1 1 3 1 9 47 51 253 227 875 1979 2367 2303 
748	13	1735	1 1 5 1 7 57 125 99 375 639 1569 1261 4591 
749	13	1747	1 3 5 5 29 61 63 17 61 7 1087 3953 7941 
750	13	1749	1 3 7 1 27 49 13 119 331 595 1009 1735 2741 
751	13	1754	1 3 5 3 21 9 15 105 493 971 165 171 987 
752	13	1777	1 1 3 1 23 59 45 117 411 263 1895 1959 8061 
753	13	1784	1 3 5 7 13 19 61 129 293 1009 1481 2867 3161 
754	13	1790	1 3 5 1 25 29 19 243 47 201 1583 859 5951 
755	13	1795	1 1 5 1 29 21 105 75 203 23 29 2951 1431 
756	13	1801	1 3 1 5 15 23 115 203 375 77 1193 3211 831 
757	13	1802	1 1 5 1 17 55 17 53 167 621 1673 15 5559 
758	13	1812	1 1 5 11 29 23 83 29 395 33 1075 1279 7405 
759	13	1828	1 3 5 11 9 43 7 247 155 535 301 1323 1357 
760	13	1831	1 3 5 9 15 41 7 35 5 963 1081 599 4319 
761	13	1837	1 3 1 9 3 57 11 247 237 661 1377 1651 4235 
762	13	1838	1 1 3 5 21 9 61 171 361 523 1747 3951 5421 
763	13	1840	1 3 5 13 15 39 37 31 489 263 1497 1011 2559 
764	13	1845	1 3 3 7 17 27 63 199 127 917 1103 315 4415 
765	13	1863	1 1 1 7 17 41 89 213 21 103 1789 3513 2439 
766	13	1864	1 1 7 7 31 35 95 29 345 623 887 3351 823 
767	13	1867	1 1 5 1 9 61 119 251 101 231 739 1725 1725 
768	13	1870	1 3 5 1 9 29 113 7 371 47 1577 3793 6219 
769	13	1877	1 1 7 9 23 57 67 251 233 301 313 2399 4903 
770	13	1881	1 3 1 9 19 63 123 187 431 549 1367 287 6699 
771	13	1884	1 3 5 11 25 21 91 91 109 337 1299 4017 5451 
772	13	1903	1 3 3 11 3 31 33 11 119 675 1801 3571 349 
773	13	1917	1 3 3 15 1 59 37 149 277 189 1131 1007 7703 
774	13	1918	1 3 1 7 11 35 99 13 125 357 1837 541 2927 
775	13	1922	1 3 5 5 27 49 43 205 263 1005 73 3115 7809 
776	13	1924	1 3 3 5 29 3 11 37 73 789 1865 429 6179 
777	13	1928	1 3 7 3 1 49 33 249 135 189 1065 1585 1417 
778	13	1931	1 1 1 11 31 47 65 137 123 319 843 1285 5987 
779	13	1951	1 3 7 1 29 49 81 139 83 721 635 755 3017 
780	13	1952	1 3 5 3 25 33 79 9 123 1005 55 1211 4983 
781	13	1957	1 1 1 7 29 21 81 7 405 525 1655 3047 3479 
782	13	1958	1 3 1 13 1 19 107 113 69 675 913 915 4525 
783	13	1964	1 1 3 7 23 21 63 183 75 539 1037 3611 4643 
784	13	1967	1 1 1 7 29 35 63 205 287 191 223 2697 4911 
785	13	1970	1 3 1 7 25 11 55 187 401 813 1871 2129 227 
786	13	1972	1 3 7 3 13 17 89 39 23 917 1161 3669 5475 
787	13	1994	1 3 1 15 3 37 91 3 283 51 461 81 2287 
788	13	2002	1 1 5 15 31 23 25 79 393 167 479 3939 5581 
789	13	2007	1 3 5 11 25 59 93 155 41 415 511 2437 6817 
790	13	2008	1 3 3 9 5 13 101 227 379 579 1721 915 1937 
791	13	2023	1 3 7 3 5 37 27 89 431 755 1107 779 1421 
792	13	2030	1 3 3 9 11 35 55 185 11 605 389 3567 4415 
793	13	2035	1 3 7 3 3 55 75 51 475 721 151 3701 7977 
794	13	2038	1 1 5 15 21 57 121 127 505 837 35 2479 1789 
795	13	2042	1 3 3 13 9 1 79 63 19 529 375 3807 3907 
796	13	2047	1 3 1 5 23 29 43 83 365 31 1099 1893 6815 
797	13	2051	1 3 1 3 7 45 125 41 265 327 937 3927 6789 
798	13	2058	1 1 3 3 11 11 73 133 271 799 1185 2619 6003 
799	13	2060	1 1 1 3 23 1 27 183 499 961 1701 2543 5609 
800	13	2071	1 1 3 5 11 15 109 181 489 279 769 3633 4507 
801	13	2084	1 3 5 9 1 9 35 127 443 409 639 2007 337 
802	13	2087	1 3 5 15 1 33 21 19 165 847 1633 3857 7427 
803	13	2099	1 1 7 9 3 19 71 255 91 649 1609 3837 7943 
804	13	2108	1 3 5 9 23 53 113 219 83 241 379 487 3075 
805	13	2111	1 3 3 1 25 43 89 59 291 285 1613 1769 6427 
806	13	2120	1 1 7 5 23 39 59 251 319 545 2031 3759 1019 
807	13	2128	1 3 7 9 1 23 95 3 199 407 685 3105 7121 
808	13	2138	1 1 7 9 23 7 41 187 107 161 289 2727 4763 
809	13	2143	1 3 3 15 3 13 45 57 245 591 975 3155 81 
810	13	2144	1 1 7 5 27 13 113 217 389 73 671 2479 3587 
811	13	2153	1 3 3 15 9 1 119 115 143 313 1599 1341 2929 
812	13	2156	1 1 7 7 27 19 113 217 137 811 1447 1657 1795 
813	13	2162	1 3 1 9 3 41 39 229 89 17 871 2767 8067 
814	13	2167	1 3 3 1 23 55 59 181 125 663 647 2541 2415 
815	13	2178	1 3 1 9 25 1 73 185 281 269 99 577 1265 
816	13	2183	1 3 7 9 19 13 15 149 381 261 139 2105 4025 
817	13	2202	1 3 7 5 29 15 13 83 215 37 1427 799 5599 
818	13	2211	1 3 1 11 29 59 59 115 131 783 959 17 4771 
819	13	2214	1 1 7 5 13 55 67 11 299 127 89 2871 3025 
820	13	2223	1 1 3 15 27 15 121 123 249 917 117 3637 2313 
821	13	2225	1 3 7 15 5 3 27 19 375 231 841 953 6129 
822	13	2232	1 1 3 11 9 57 7 109 455 577 891 65 7611 
823	13	2237	1 3 7 7 29 37 105 165 43 975 1959 69 6881 
824	13	2257	1 1 3 7 29 31 15 103 73 793 223 2897 5253 
825	13	2260	1 1 7 7 13 17 59 123 281 921 1697 3841 4413 
826	13	2267	1 1 3 1 17 1 59 219 217 343 1145 3559 7869 
827	13	2274	1 1 5 1 3 3 35 129 297 751 499 4067 105 
828	13	2276	1 1 1 11 23 21 91 155 229 139 1435 2335 3173 
829	13	2285	1 3 1 11 19 29 89 207 431 221 1809 3409 1629 
830	13	2288	1 1 7 13 7 25 23 177 357 79 1413 1087 2537 
831	13	2293	1 1 3 15 13 55 125 9 81 817 1445 425 1023 
832	13	2294	1 1 1 3 3 9 97 49 357 393 1675 2813 4409 
833	13	2297	1 3 5 13 19 37 53 181 171 545 171 1705 7209 
834	13	2303	1 1 5 5 23 33 41 231 451 11 1073 1701 4413 
835	13	2308	1 3 7 1 5 53 91 33 481 781 1349 1237 7107 
836	13	2311	1 1 1 7 29 41 111 233 13 71 1545 821 7469 
837	13	2318	1 1 5 1 29 51 29 67 387 1 2039 1375 33 
838	13	2323	1 3 5 11 13 19 31 155 491 699 1027 3673 1955 
839	13	2332	1 3 5 3 13 57 3 41 489 767 1563 2693 2881 
840	13	2341	1 3 7 13 5 13 103 9 439 917 859 3925 5167 
841	13	2345	1 1 1 15 19 63 61 95 385 9 215 1541 6451 
842	13	2348	1 3 5 3 5 43 71 123 487 107 1673 1871 4211 
843	13	2354	1 1 5 5 17 19 35 65 177 341 1919 2285 179 
844	13	2368	1 3 1 3 9 7 7 117 393 587 1633 847 5573 
845	13	2377	1 1 5 5 11 13 119 249 33 903 779 4035 7879 
846	13	2380	1 1 5 7 11 37 29 85 71 965 411 1101 3387 
847	13	2383	1 3 3 3 29 33 45 169 375 599 1845 2029 7759 
848	13	2388	1 1 1 9 27 19 49 129 443 507 1477 855 5455 
849	13	2395	1 3 3 9 23 15 111 241 129 843 1489 2733 7157 
850	13	2397	1 3 1 5 19 63 41 173 407 739 447 2503 1891 
851	13	2401	1 1 7 1 17 51 109 251 395 579 1545 121 5683 
852	13	2411	1 3 3 7 25 11 59 225 127 397 351 2855 5689 
853	13	2413	1 1 1 11 13 49 125 147 65 397 1989 1069 6535 
854	13	2419	1 3 3 9 1 23 13 165 333 325 495 3463 3109 
855	13	2435	1 3 5 3 13 57 27 69 309 775 183 3505 6555 
856	13	2442	1 1 7 5 3 47 19 81 119 565 1639 1539 6873 
857	13	2455	1 3 7 11 11 51 79 239 197 925 1385 607 1249 
858	13	2472	1 3 7 13 1 15 9 95 435 75 1805 1349 4251 
859	13	2478	1 1 1 13 17 53 75 23 497 55 1097 575 6437 
860	13	2490	1 3 1 13 29 41 83 83 373 979 1249 2301 49 
861	13	2507	1 3 7 9 1 1 81 227 71 931 1431 2321 2745 
862	13	2509	1 3 3 15 13 15 33 249 379 93 1571 1101 1201 
863	13	2517	1 3 1 5 17 37 91 143 509 957 591 333 7327 
864	13	2524	1 3 5 7 9 61 109 171 387 857 697 291 4179 
865	13	2528	1 3 5 1 17 11 33 193 159 753 1509 2171 6783 
866	13	2531	1 1 5 15 21 35 29 9 265 965 709 4085 623 
867	13	2538	1 3 1 11 1 29 107 21 477 795 31 2173 2779 
868	13	2545	1 1 1 9 11 33 111 57 463 67 1563 2541 5963 
869	13	2546	1 1 1 15 1 23 101 73 449 5 165 1195 2585 
870	13	2555	1 3 1 15 1 55 107 97 47 87 513 925 6927 
871	13	2557	1 3 1 13 25 11 109 57 353 909 1425 4039 5333 
872	13	2564	1 3 5 13 5 59 65 29 249 97 1299 1379 4033 
873	13	2573	1 1 3 13 7 19 59 239 335 995 1081 699 285 
874	13	2579	1 1 5 1 29 61 43 151 505 271 145 1979 7467 
875	13	2592	1 3 1 11 29 61 37 159 89 875 1841 275 4443 
876	13	2598	1 3 3 9 19 45 1 191 141 671 1211 953 4917 
877	13	2607	1 3 5 15 19 13 9 47 55 613 941 1755 3 
878	13	2612	1 3 3 9 1 49 15 51 235 33 609 1643 4319 
879	13	2619	1 3 1 5 29 13 109 1 187 351 845 325 5517 
880	13	2621	1 3 1 15 13 63 37 223 87 69 1169 101 3449 
881	13	2627	1 3 1 5 3 5 111 251 363 811 1865 2263 813 
882	13	2633	1 1 1 7 1 61 113 251 93 669 1593 3329 5499 
883	13	2636	1 3 3 3 31 5 119 151 363 729 347 3673 2515 
884	13	2642	1 3 7 11 15 31 79 41 101 401 293 3413 5771 
885	13	2654	1 3 3 3 13 17 73 119 67 647 1277 1977 3357 
886	13	2660	1 3 7 15 3 61 65 127 215 241 157 2727 2073 
887	13	2669	1 1 5 7 1 63 71 131 321 435 211 2313 4395 
888	13	2675	1 3 7 13 11 13 93 33 331 447 93 1419 4925 
889	13	2684	1 1 1 11 19 27 17 209 305 721 1679 887 2643 
890	13	2694	1 3 5 7 5 57 101 123 261 271 1799 609 7215 
891	13	2703	1 3 5 3 29 1 87 53 411 745 527 2475 5817 
892	13	2706	1 3 7 7 13 21 97 241 491 53 41 591 1199 
893	13	2712	1 1 5 13 29 5 43 25 479 775 473 2613 1597 
894	13	2715	1 3 3 5 23 11 23 31 65 99 563 2081 1619 
895	13	2722	1 1 3 13 3 39 75 183 307 343 187 3805 7535 
896	13	2727	1 3 7 15 1 57 109 107 469 451 1525 3435 4833 
897	13	2734	1 1 5 5 31 51 41 25 415 427 575 2409 609 
898	13	2742	1 1 3 13 13 53 49 115 131 593 1579 111 4797 
899	13	2745	1 1 1 9 19 39 53 39 315 339 857 3557 8171 
900	13	2751	1 3 1 1 17 25 31 11 487 845 703 3607 6847 
901	13	2766	1 3 3 15 5 41 97 213 83 243 1211 903 793 
902	13	2768	1 1 1 11 5 39 105 239 455 345 647 231 6757 
903	13	2780	1 3 3 5 1 37 109 219 19 17 709 3059 8165 
904	13	2790	1 1 1 5 29 23 119 109 113 573 981 473 3371 
905	13	2794	1 1 1 1 23 31 51 185 163 421 285 2959 2431 
906	13	2796	1 3 3 11 3 25 9 35 503 517 697 2925 5235 
907	13	2801	1 3 7 3 19 33 53 133 99 971 163 3861 4739 
908	13	2804	1 1 1 3 25 17 113 123 499 499 981 2043 7703 
909	13	2807	1 3 7 7 19 57 97 185 251 435 153 3887 7223 
910	13	2816	1 1 1 1 27 29 73 27 239 769 1515 351 6525 
911	13	2821	1 1 1 9 9 27 89 55 81 75 47 2865 5891 
912	13	2831	1 1 5 7 27 23 79 245 167 203 1553 369 5605 
913	13	2834	1 1 1 15 13 47 49 61 391 793 599 1377 4433 
914	13	2839	1 3 7 9 15 41 61 75 255 985 225 2639 3533 
915	13	2845	1 1 5 9 29 29 105 205 317 343 1147 1261 5267 
916	13	2852	1 3 3 3 23 19 13 213 363 955 381 3625 5125 
917	13	2856	1 1 7 11 13 47 99 169 359 735 135 3279 5037 
918	13	2861	1 1 3 15 25 41 53 163 395 523 821 2201 225 
919	13	2873	1 3 5 7 25 25 71 63 419 659 1965 2949 6717 
920	13	2874	1 1 3 1 17 5 7 55 307 703 609 3049 1121 
921	13	2888	1 3 1 3 19 51 87 49 251 303 1033 449 5741 
922	13	2893	1 1 1 1 17 43 21 83 267 421 983 1297 2013 
923	13	2894	1 3 5 1 15 39 101 195 171 951 503 897 4327 
924	13	2902	1 3 5 1 27 29 5 51 461 405 1117 1891 4839 
925	13	2917	1 3 1 9 3 7 71 31 183 631 327 411 569 
926	13	2921	1 3 7 1 25 31 31 41 465 825 453 2773 5227 
927	13	2922	1 3 7 5 17 45 123 15 165 735 2005 749 7677 
928	13	2929	1 3 3 15 27 51 121 203 163 433 1257 2753 4315 
929	13	2935	1 1 7 15 3 49 121 41 293 841 343 1825 2391 
930	13	2946	1 3 3 7 27 55 73 63 477 485 1649 853 5551 
931	13	2951	1 3 7 5 31 17 79 127 223 49 1199 2775 859 
932	13	2957	1 3 1 5 23 43 115 161 403 749 599 3547 3627 
933	13	2960	1 3 5 7 13 49 13 5 389 107 1877 3923 6377 
934	13	2966	1 1 1 9 31 45 39 143 97 669 569 3923 3903 
935	13	2972	1 3 5 7 11 9 101 7 335 211 695 987 4311 
936	13	2976	1 3 3 15 15 29 19 199 357 497 1587 3723 6527 
937	13	2979	1 1 7 13 7 3 37 251 297 143 1475 2189 7573 
938	13	2985	1 3 3 13 21 5 51 95 19 99 187 3877 4905 
939	13	3000	1 3 5 11 19 47 83 75 469 57 973 3577 7731 
940	13	3003	1 3 7 1 27 9 97 101 501 277 233 297 1909 
941	13	3013	1 3 7 9 19 15 55 15 249 969 511 2763 1555 
942	13	3018	1 3 7 11 21 19 81 43 85 107 51 1845 3279 
943	13	3020	1 1 3 1 29 51 91 237 213 397 1083 3083 1949 
944	13	3025	1 1 3 13 7 45 127 197 311 563 665 2951 1887 
945	13	3042	1 1 1 1 31 57 105 117 265 551 1321 483 6675 
946	13	3047	1 1 1 7 13 63 89 167 379 447 531 2169 5509 
947	13	3048	1 3 5 15 9 9 63 155 297 381 1875 3985 2033 
948	13	3051	1 3 5 15 9 21 47 21 283 187 1939 245 5473 
949	13	3054	1 3 3 5 7 59 49 83 393 57 859 3655 3539 
950	13	3056	1 1 7 5 21 3 75 205 449 405 1507 3441 5033 
951	13	3065	1 3 1 1 13 9 37 255 463 731 1979 1023 5935 
952	13	3073	1 3 1 11 11 13 77 49 289 769 1203 235 6095 
953	13	3074	1 1 1 3 9 45 15 101 159 923 1965 835 4761 
954	13	3083	1 1 3 9 11 23 49 213 289 955 737 3693 1771 
955	13	3086	1 3 5 11 29 15 107 237 499 915 921 3585 1271 
956	13	3091	1 3 3 9 19 31 23 135 407 737 1565 327 1717 
957	13	3097	1 1 1 9 11 21 23 135 129 595 1943 1003 4415 
958	13	3109	1 1 1 9 19 15 35 21 137 341 819 543 5083 
959	13	3116	1 3 3 1 21 51 19 73 221 253 223 3059 6277 
960	13	3124	1 3 3 9 5 35 69 93 43 823 365 2637 3147 
961	13	3128	1 1 7 3 29 9 17 115 89 197 167 2923 7695 
962	13	3153	1 3 5 5 13 11 59 7 403 321 1705 87 2461 
963	13	3160	1 1 1 15 7 61 63 85 271 315 413 3617 4783 
964	13	3165	1 1 1 1 19 23 73 223 75 181 1577 1031 4539 
965	13	3172	1 3 3 1 19 53 29 237 83 885 745 1043 5833 
966	13	3175	1 1 7 9 27 29 125 79 445 497 1573 903 5583 
967	13	3184	1 3 1 7 23 51 61 89 453 159 655 2913 651 
968	13	3193	1 3 5 3 31 45 65 5 389 571 1633 2177 1419 
969	13	3196	1 3 7 3 1 31 95 57 149 981 1003 2641 2605 
970	13	3200	1 3 3 1 27 29 101 239 143 899 91 3279 5511 
971	13	3203	1 3 7 9 21 5 81 67 423 785 1123 389 3913 
972	13	3205	1 1 5 9 7 35 57 65 499 947 477 2009 5795 
973	13	3209	1 3 5 11 3 29 69 201 317 217 1741 525 2333 
974	13	3224	1 1 7 9 7 53 83 155 445 217 1663 4085 2329 
975	13	3239	1 1 3 9 11 35 37 71 157 135 35 3299 4431 
976	13	3251	1 3 5 13 23 17 11 85 137 753 715 987 3725 
977	13	3254	1 3 3 13 13 59 37 195 453 623 37 2409 6069 
978	13	3265	1 3 1 3 29 55 95 89 163 565 1513 813 2699 
979	13	3266	1 3 5 13 11 27 1 181 87 717 815 2683 7055 
980	13	3275	1 1 3 11 31 51 73 119 23 903 941 373 6879 
981	13	3280	1 3 1 13 19 59 27 135 391 581 1379 2695 1017 
982	13	3283	1 1 1 5 1 27 29 147 119 955 263 3775 3121 
983	13	3286	1 1 7 1 5 47 57 237 427 621 1831 2375 2547 
984	13	3301	1 3 5 5 5 15 7 173 323 361 1735 1119 4603 
985	13	3302	1 3 1 5 11 29 65 41 173 869 1111 2791 2385 
986	13	3305	1 3 7 9 5 37 83 155 89 87 1449 223 6915 
987	13	3319	1 3 3 9 3 7 99 67 259 943 353 325 6103 
988	13	3323	1 3 7 3 27 49 69 113 377 907 1941 587 5669 
989	13	3326	1 3 5 13 5 55 19 111 511 853 1655 1379 7833 
990	13	3331	1 1 1 13 7 5 103 21 249 353 1349 2877 2001 
991	13	3348	1 1 7 9 11 19 43 183 31 335 877 2867 4287 
992	13	3351	1 3 1 15 31 45 95 23 363 197 285 3793 6619 
993	13	3358	1 1 7 9 1 29 25 103 229 771 1723 655 955 
994	13	3368	1 3 7 11 27 19 19 207 353 433 125 831 2761 
995	13	3374	1 1 1 7 31 57 103 253 329 743 1753 3425 5711 
996	13	3376	1 1 1 11 31 33 41 69 493 195 985 1663 6291 
997	13	3379	1 3 7 9 23 53 125 219 427 91 723 1681 3415 
998	13	3385	1 1 1 13 5 45 97 205 57 1023 175 2657 3909 
999	13	3386	1 1 5 9 21 21 71 195 205 63 439 1865 2841 
1000	13	3396	1 1 5 1 27 9 105 43 389 301 791 3943 5627 
1001	13	3420	1 1 1 15 9 3 83 197 91 647 1051 2977 4939 
1002	13	3423	1 3 1 9 25 35 83 229 83 205 1261 1979 7671 
1003	13	3430	1 3 7 7 3 29 61 139 13 485 717 2271 6059 
1004	13	3433	1 1 5 7 15 43 39 177 219 927 1555 3247 6275 
1005	13	3434	1 1 7 1 19 31 9 129 439 1003 1757 1267 6517 
1006	13	3439	1 3 1 7 1 39 45 69 45 987 1777 1747 1931 
1007	13	3442	1 1 5 9 19 3 117 97 35 359 577 811 4583 
1008	13	3444	1 1 3 9 9 45 63 201 371 577 1583 159 7301 
1009	13	3453	1 1 5 15 5 1 31 163 441 147 1957 429 1267 
1010	13	3464	1 3 3 1 25 41 5 189 17 141 873 2001 7509 
1011	13	3477	1 1 3 11 21 29 117 11 267 1017 331 1195 1435 
1012	13	3478	1 3 7 1 15 5 67 99 501 701 1163 3065 2169 
1013	13	3482	1 1 1 13 25 59 125 91 53 273 313 553 6939 
1014	13	3487	1 1 5 13 29 41 41 253 25 89 1 1499 3515 
1015	13	3497	1 3 1 15 15 33 117 239 333 589 1963 3529 2985 
1016	13	3500	1 3 1 9 21 35 43 91 17 487 963 1081 2787 
1017	13	3505	1 1 5 13 11 27 77 145 201 859 1905 2877 2123 
1018	13	3506	1 3 5 7 19 19 97 19 475 343 821 3077 1969 
1019	13	3511	1 1 3 15 15 13 15 179 257 91 1677 845 3307 
1020	13	3512	1 1 3 3 3 25 29 231 417 847 185 1793 353 
1021	13	3515	1 3 7 9 7 27 5 121 345 341 709 2409 4359 
1022	13	3525	1 3 5 3 13 43 59 7 381 173 545 3995 7059 
1023	13	3532	1 3 5 1 11 33 25 225 377 287 1723 2559 5273 
1024	13	3538	1 3 1 13 25 35 63 237 55 1003 215 4081 5873 
1025	13	3540	1 3 1 7 17 17 87 125 403 289 1885 1195 6657 
1026	13	3547	1 1 1 5 1 17 39 191 77 639 1249 2955 6765 
1027	13	3549	1 3 3 9 5 23 39 119 389 983 583 1117 6229 
1028	13	3560	1 1 1 3 31 7 77 59 347 685 1803 1409 3179 
1029	13	3571	1 1 5 1 13 35 85 175 363 697 839 785 1583 
1030	13	3577	1 1 7 7 29 15 37 237 211 35 885 287 6237 
1031	13	3583	1 3 7 1 23 61 81 131 413 701 485 1521 2155 
1032	13	3590	1 1 1 1 9 61 73 79 419 645 413 1607 371 
1033	13	3593	1 1 7 13 5 53 89 43 5 911 1767 85 273 
1034	13	3594	1 1 5 3 29 5 29 45 167 501 425 3055 7491 
1035	13	3599	1 3 7 3 7 15 125 205 219 705 129 3123 3309 
1036	13	3601	1 1 3 11 17 23 109 199 201 873 1035 2533 6805 
1037	13	3602	1 1 7 1 27 11 21 251 285 763 329 2329 3015 
1038	13	3613	1 3 3 7 7 13 23 153 425 745 1263 3477 6831 
1039	13	3623	1 1 1 13 17 43 119 207 11 657 1881 799 7819 
1040	13	3630	1 3 3 15 31 55 105 37 77 559 1779 3683 713 
1041	13	3638	1 3 7 15 9 47 43 179 269 699 1565 3715 4747 
1042	13	3649	1 3 3 5 31 25 93 113 489 315 359 337 3935 
1043	13	3655	1 3 1 7 9 43 97 255 281 347 367 3139 4109 
1044	13	3662	1 3 5 13 9 15 15 107 403 429 453 3311 1311 
1045	13	3667	1 1 5 13 7 57 125 217 79 197 707 431 709 
1046	13	3669	1 1 3 15 21 45 29 61 425 165 1419 3511 3089 
1047	13	3676	1 1 5 11 3 1 51 7 125 955 831 2299 7059 
1048	13	3683	1 3 1 13 3 49 69 181 81 859 1889 365 4247 
1049	13	3700	1 3 3 1 3 63 37 247 331 167 887 2941 2989 
1050	13	3709	1 3 5 13 9 57 45 31 437 303 1871 3067 1509 
1051	13	3710	1 3 5 13 11 15 31 13 271 833 1869 1331 4919 
1052	13	3713	1 1 5 3 21 31 75 113 397 531 747 1081 1841 
1053	13	3723	1 3 1 9 11 31 109 145 299 473 223 1097 3045 
1054	13	3725	1 3 1 15 31 7 119 107 475 635 1547 2853 3821 
1055	13	3728	1 3 7 15 9 53 53 233 271 641 1799 2299 6929 
1056	13	3734	1 3 7 11 25 27 5 233 249 195 433 495 4655 
1057	13	3737	1 1 1 15 5 15 101 43 413 589 1441 1745 1333 
1058	13	3738	1 1 5 9 1 47 125 79 233 821 553 749 6429 
1059	13	3744	1 3 5 15 31 23 121 23 261 205 2021 3819 6649 
1060	13	3750	1 3 1 1 13 7 35 169 495 3 1303 619 2131 
1061	13	3762	1 3 3 13 29 29 29 137 171 635 1505 1059 5265 
1062	13	3764	1 1 5 15 9 53 7 129 69 371 1735 3559 1051 
1063	13	3774	1 3 1 1 29 47 63 183 27 891 1619 183 261 
1064	13	3776	1 1 5 1 1 9 17 53 409 249 1065 3743 8057 
1065	13	3786	1 1 3 5 11 53 63 91 21 123 1161 723 3379 
1066	13	3800	1 3 5 11 19 3 13 55 421 77 2047 949 2179 
1067	13	3803	1 3 3 5 7 25 69 103 367 623 347 3501 1993 
1068	13	3809	1 1 3 1 27 55 15 223 81 993 867 733 5655 
1069	13	3816	1 3 7 11 13 45 105 87 483 401 881 2599 3063 
1070	13	3821	1 3 5 11 31 63 51 177 255 525 1447 3983 6381 
1071	13	3827	1 1 7 5 7 21 127 157 15 427 329 3961 3587 
1072	13	3829	1 1 3 3 31 17 105 79 219 71 781 911 7417 
1073	13	3836	1 1 7 9 7 23 9 213 365 655 1065 1899 1579 
1074	13	3842	1 1 3 1 25 31 57 139 497 951 219 985 1541 
1075	13	3844	1 1 1 3 23 27 95 183 181 357 589 2493 2107 
1076	13	3847	1 3 3 5 21 27 59 231 75 851 645 1795 5085 
1077	13	3853	1 1 7 13 29 43 109 205 431 899 1257 653 2873 
1078	13	3861	1 1 7 9 11 63 35 143 99 535 1833 157 6141 
1079	13	3871	1 3 3 7 11 55 49 129 325 493 749 433 955 
1080	13	3872	1 3 3 7 13 63 23 243 407 323 1841 2361 3537 
1081	13	3881	1 1 1 1 11 45 33 205 229 1003 1733 3093 2157 
1082	13	3890	1 1 1 9 27 51 107 93 281 343 1179 3119 841 
1083	13	3892	1 1 3 9 1 15 55 59 63 515 1191 3679 1999 
1084	13	3909	1 3 3 15 23 27 33 15 83 859 1025 2367 1465 
1085	13	3921	1 1 3 7 31 5 57 89 493 1017 1639 1701 5171 
1086	13	3934	1 1 3 5 21 37 79 9 5 5 1955 1445 5651 
1087	13	3938	1 3 3 5 23 43 73 11 113 423 1423 1321 1535 
1088	13	3947	1 3 5 15 21 11 69 47 15 315 1685 2397 7235 
1089	13	3950	1 1 5 13 19 27 59 133 271 1011 1711 1241 4349 
1090	13	3952	1 3 3 9 31 5 107 227 37 703 493 3305 1263 
1091	13	3964	1 3 3 7 5 27 55 75 87 41 549 3985 1453 
1092	13	3974	1 3 3 13 31 59 11 9 451 777 783 2349 1005 
1093	13	3980	1 3 1 3 25 21 63 91 299 163 1653 4067 6893 
1094	13	3983	1 3 3 13 25 7 95 19 83 95 397 3805 2919 
1095	13	3986	1 3 5 11 19 39 103 171 451 831 895 3073 1947 
1096	13	3995	1 3 7 13 17 27 23 163 311 79 233 2837 1635 
1097	13	3998	1 3 7 7 11 63 125 79 441 975 759 1567 3963 
1098	13	4001	1 1 1 9 25 35 91 7 47 235 1505 3783 397 
1099	13	4002	1 1 5 13 7 47 31 103 455 633 677 451 969 
1100	13	4004	1 3 7 13 13 55 91 5 47 723 1449 2441 4569 
1101	13	4008	1 3 3 13 1 17 51 119 253 297 1573 1181 655 
1102	13	4011	1 1 7 15 29 17 65 155 13 589 1297 487 6737 
1103	13	4016	1 1 1 9 17 17 61 75 109 317 1821 543 2995 
1104	13	4033	1 3 1 5 23 3 75 11 369 679 1691 1201 7235 
1105	13	4036	1 1 3 5 15 19 69 71 347 981 791 3735 7713 
1106	13	4040	1 3 5 3 7 21 107 95 11 195 289 2517 973 
1107	13	4053	1 3 7 3 29 13 65 17 409 399 1187 733 4821 
1108	13	4058	1 3 5 3 17 49 101 13 275 1003 867 1535 2377 
1109	13	4081	1 3 3 1 13 61 59 243 63 121 1535 2175 1673 
1110	13	4091	1 3 3 3 3 39 35 207 441 501 575 3613 1 
1111	13	4094	1 1 3 15 17 15 15 187 15 155 183 3019 6541 
